man -0.247185 -0.078744 -0.022059 -0.156784 -0.046295 0.168008 -0.073507 -0.072236 0.027018 -0.129790 -0.087212 -0.045702 -0.187455 0.140287 -0.210138 -0.081230 0.018120 0.093202 0.068862 0.111766 0.017164 0.152148 0.002945 0.040315 0.159394 -0.000604 0.065345 0.174506 0.016588 -0.037840 0.129629 -0.147041 0.218998 0.064518 -0.258169 -0.085784 0.099221 0.102046 -0.330931 0.120508 -0.233969 -0.070989 -0.213946 -0.045044 -0.115611 0.036053 0.171373 0.152292 -0.164386 -0.054538
her 0.354715 0.183793 -0.156491 -0.014417 -0.064764 0.102113 -0.035331 -0.065591 -0.030492 0.282743 -0.211103 -0.099051 0.012294 -0.130865 0.036039 0.009945 0.436663 0.005107 0.065703 -0.176649 -0.003332 0.070084 -0.012717 0.131619 -0.085473 0.076302 0.151533 0.219220 0.119813 0.220709 0.315188 0.039404 -0.018795 0.053420 0.008038 0.160442 -0.135904 -0.013746 -0.016249 -0.115818 -0.367889 -0.143675 0.102195 0.006075 0.086360 0.300318 0.144315 -0.102056 0.087729 -0.012872
he 0.018463 0.058367 0.297643 0.125437 0.521376 0.034909 0.202668 -0.431258 -0.313337 0.043327 0.253750 -0.091518 0.108591 0.194921 -0.451593 -0.504735 0.570674 -0.644257 0.662974 -0.618991 0.244839 0.145788 0.118947 0.135001 0.145376 -0.090525 -0.024492 0.209911 -0.433497 0.099821 -0.209368 -0.117330 -0.136418 -0.089804 0.332018 -0.174035 -0.034556 -0.169702 0.354170 0.071551 -0.063523 0.066602 0.027259 0.324370 -0.264160 -0.086603 -0.462992 -0.332832 -0.388646 0.500155
his 0.329335 -0.289108 0.419713 0.011063 0.333463 0.202575 0.253430 -0.259905 0.180458 0.315095 -0.011513 0.294450 -0.156454 -0.176425 -0.800165 -0.237134 0.250576 0.077606 0.723167 -0.314658 -0.029645 0.233719 -0.380140 -0.137333 0.160442 -0.045064 0.026638 0.359622 -0.217416 0.221865 -0.080450 -0.128252 0.105540 0.017473 0.008218 -0.219987 -0.071089 -0.007038 -0.004661 0.262476 -0.140314 -0.180622 0.252363 0.472974 0.077549 -0.046696 0.071130 -0.122388 -0.289620 -0.222065
him 0.041857 0.215502 0.017371 0.130022 -0.210479 0.078034 -0.208913 0.040245 -0.042259 -0.164344 -0.090974 0.203065 0.402421 0.155152 -0.244731 0.143894 0.151073 -0.135443 -0.267236 -0.372306 0.099934 -0.216557 -0.288259 -0.180212 -0.052418 -0.382125 0.266343 0.009001 0.150652 0.077499 0.256407 -0.193759 -0.355275 0.320727 0.399058 0.195343 -0.073685 -0.190437 0.471121 -0.056363 0.089297 0.077421 0.331040 -0.363043 -0.285532 -0.200063 -0.402641 -0.031367 -0.212901 0.124287
guys 0.395687 0.213844 0.058797 0.510051 0.468972 -0.205184 -0.209116 0.657997 -0.300838 0.805658 -0.213085 -0.008696 0.200169 -0.204093 -0.629262 0.662032 0.482915 -0.361905 -0.730197 -0.113878 -0.132982 -0.625740 -0.073697 0.504112 -0.128068 -0.063521 -0.798268 0.407422 -0.039445 -0.747015 -0.395579 -0.511855 -0.745648 0.716652 0.264003 -0.070307 -0.816439 -0.161709 0.611508 0.340098 0.653400 0.282476 0.750700 -0.422257 0.018829 -0.216934 -0.071010 -0.063794 -0.355243 -0.188669
excellent -0.319012 -0.149373 -0.208281 0.223325 -0.062690 0.155516 -0.168001 -0.301385 0.163750 -0.031630 0.115728 0.393990 -0.127425 0.072173 -0.484279 0.026349 0.023856 -0.001866 -0.077178 -0.167695 -0.016547 0.036959 0.125337 -0.342595 -0.069697 -0.132157 0.199597 -0.451786 0.002276 0.230693 0.167270 -0.028748 0.234722 0.110865 0.050636 0.112534 -0.035930 -0.188494 0.091619 -0.145319 -0.022562 -0.040828 0.014433 0.085543 -0.080135 -0.401425 -0.056014 -0.016940 -0.210954 -0.221724
good 0.834555 0.334424 -0.960966 0.463407 -0.258545 0.247657 -0.668033 0.609764 -1.169150 0.995011 -1.126328 0.967496 0.136012 0.202859 0.164866 0.189536 -0.666422 -0.530277 -0.571513 -0.227203 0.165372 0.742775 0.622111 0.185264 -1.075050 0.569008 -0.672158 -0.576633 1.216189 0.320632 -0.575884 0.108624 -0.484305 -1.261531 0.637463 0.163164 -0.699187 -0.871672 -0.983126 0.776752 0.593029 -0.657657 0.377026 0.436771 -0.466597 0.417683 -0.226952 -0.629024 0.019140 -0.070268
better 0.533269 0.867675 -0.663179 0.703040 -0.572510 0.066492 -0.541655 0.202863 -1.495410 1.062221 0.016343 0.864898 0.363580 0.589944 -0.275876 0.038762 -0.119628 -0.713370 -0.341169 0.591781 0.194323 0.155941 0.438917 0.507976 -0.666567 -0.609592 -0.975238 -0.697724 -0.021196 0.451378 -0.489929 -0.799313 -0.088557 -0.906115 0.223213 0.546742 -0.846962 0.364370 -0.326131 -0.110154 0.631613 0.194717 0.113490 0.756096 -0.003529 0.035094 0.695670 -0.564276 0.165616 0.159084
pretty 0.574228 0.353402 -0.660456 0.545958 -0.026384 -0.695803 0.101799 0.370535 -0.975173 1.260853 0.179639 1.068191 0.463490 0.427008 -0.237573 0.362652 -0.436814 -0.106079 -0.388384 -0.268029 -0.492864 1.361703 0.058097 0.317278 -1.599255 -0.633300 0.159198 -0.587608 0.245557 0.409118 -0.429428 -0.506072 0.055188 -1.137612 0.209810 0.365841 -0.896736 0.208574 -1.153735 -0.444988 1.111074 -0.395155 0.232833 0.128288 -0.626178 -0.185872 0.598624 0.014854 0.300336 0.275865
nice -0.503901 -0.374464 -0.347051 0.128309 -0.148685 0.120183 -0.471395 -0.104178 -0.342748 1.274137 0.143361 0.994988 -0.068413 0.170968 0.218742 0.534496 -0.513537 -0.242547 0.055662 -0.098330 0.262460 0.331811 0.484608 0.690731 -0.411101 -0.724512 -0.056391 -0.688904 0.133149 0.272425 -0.442496 -0.213299 -0.389700 -0.330159 0.957482 -0.168055 -0.361343 -0.120656 -0.372921 -0.385837 -0.107462 -0.285986 0.283845 0.299567 0.083791 -0.215143 0.229722 -0.558845 0.084293 0.575921
bad 0.516382 -0.115158 -0.082331 0.196559 -0.207772 0.823816 -0.590124 0.538242 -0.856464 0.161778 -0.469981 0.433563 0.488113 0.058177 -0.332295 -0.423634 -0.348299 -0.237556 0.878471 -0.117143 0.166357 0.762128 0.370874 -0.581603 -0.802728 0.547721 -0.265107 -0.081995 0.873623 0.374606 -0.419828 0.247318 -0.426862 -0.777126 -0.154132 0.090795 -0.452552 -0.432982 -0.356259 0.581106 0.280889 -0.765770 -0.426814 0.371109 -0.739229 0.132160 0.388853 -0.120188 0.667842 -0.228238
worse 0.290291 0.225426 0.122380 0.386537 -0.081052 -0.230729 0.122984 -0.460256 -0.891809 0.464352 0.667223 0.007366 -0.525820 0.276713 -0.208871 0.135016 -0.035578 0.345090 0.230825 0.267987 -0.198368 0.436304 0.408634 -0.421588 0.325051 -0.826559 -0.452968 -0.347296 -0.241525 0.579675 -0.138292 -0.217751 -0.347865 -0.599052 -0.030795 0.168587 0.279262 0.019043 0.098139 -0.044250 0.246241 -0.210767 -0.388453 0.341398 -0.431928 -0.057248 0.146310 0.218719 -0.159818 0.038228
ugly 0.419875 0.069636 -0.477845 -0.120271 0.119852 0.206986 -0.204269 -0.105794 -0.417189 0.204951 -0.330061 0.086974 -0.279151 -0.208916 -0.244214 -0.274591 0.114257 -0.168305 0.292260 0.132660 0.002271 0.244216 0.300896 -0.067794 -0.273938 -0.463640 -0.117762 0.030514 0.348352 0.449739 -0.165218 -0.272503 -0.101797 0.084505 0.068162 0.119506 0.031303 -0.172863 -0.035492 -0.003028 -0.126225 -0.002432 -0.230192 -0.009542 0.109117 -0.031731 0.519825 0.027966 -0.085318 -0.151497
wrong 1.054707 -0.080151 -0.609782 0.824721 0.462619 -0.012766 0.071008 0.327477 -0.889412 0.948442 -0.169950 -0.410024 0.062205 0.243579 0.022716 -0.219651 0.574604 -0.028320 0.298927 0.201563 0.262182 0.954392 0.331775 0.467465 -0.541571 -0.139231 -0.549028 -0.099294 0.966960 0.412979 -0.511677 0.334141 -0.329279 -0.539547 -0.736428 -0.789121 -0.879534 -0.360253 -0.080160 0.283308 0.399619 0.065462 -0.055011 0.091014 -0.335758 0.177581 -0.709548 1.082713 0.089378 0.308433
she 0.059036 0.161661 0.100027 -0.149693 -0.068364 -0.037576 0.131708 -0.108498 -0.045496 0.193592 -0.053379 -0.006346 -0.023639 -0.028732 0.082472 -0.008662 0.247785 0.131099 -0.077206 -0.301480 -0.050288 -0.082482 0.051116 -0.079270 -0.003783 -0.046175 0.166929 -0.011365 0.170025 0.105509 -0.033668 -0.330676 -0.019185 0.033331 -0.108736 0.062925 -0.065029 0.018922 -0.088326 0.026032 -0.005324 -0.243875 0.032242 -0.226591 -0.170930 0.153529 0.072636 -0.059818 0.001883 0.006321
error 0.638686 0.419654 -0.915134 -0.056998 0.445106 0.904437 0.461298 0.638418 0.271915 0.542304 0.400569 -0.177588 1.917305 0.834781 -0.261685 -1.209536 0.108572 -0.673564 -0.505253 -0.054225 -0.258074 0.548406 -0.426140 -0.151912 -0.552876 1.416054 -0.576059 -0.083188 -0.747579 0.499103 -1.187770 0.770763 0.132493 -0.288760 -0.264319 -0.386110 -1.405609 1.035698 0.454869 -0.112441 -0.392560 1.047351 -0.497256 0.505345 0.169418 -1.200338 -0.398863 0.140979 0.227318 1.617148